0.056000  0.058000  0.055000  0.056000  0.055000  0.054000  0.054000  0.054000  0.055000  0.055000  0.054000  0.054000  0.054000  0.054000  0.053000  0.054000  0.054000  0.055000  0.055000  0.054000  0.053000  0.053000  0.054000  0.054000  0.054000  0.054000  0.054000  0.054000  0.053000  0.054000 
0.075000  0.075000  0.073000  0.075000  0.079000  0.081000  0.075000  0.073000  0.074000  0.073000  0.075000  0.074000  0.073000  0.074000  0.075000  0.076000  0.075000  0.075000  0.075000  0.076000  0.077000  0.075000  0.074000  0.075000  0.078000  0.075000  0.075000  0.074000  0.074000  0.074000 
0.096000  0.096000  0.096000  0.096000  0.096000  0.095000  0.096000  0.097000  0.098000  0.098000  0.097000  0.096000  0.096000  0.095000  0.101000  0.097000  0.097000  0.096000  0.097000  0.097000  0.096000  0.097000  0.097000  0.096000  0.096000  0.096000  0.098000  0.097000  0.097000  0.096000 
0.122000  0.123000  0.123000  0.122000  0.122000  0.122000  0.123000  0.123000  0.124000  0.121000  0.123000  0.122000  0.122000  0.122000  0.123000  0.125000  0.126000  0.126000  0.132000  0.126000  0.124000  0.125000  0.124000  0.127000  0.143000  0.129000  0.135000  0.148000  0.147000  0.128000 
0.173000  0.187000  0.156000  0.161000  0.170000  0.170000  0.191000  0.156000  0.162000  0.163000  0.192000  0.165000  0.154000  0.163000  0.153000  0.151000  0.154000  0.209000  0.188000  0.157000  0.159000  0.157000  0.152000  0.154000  0.154000  0.172000  0.185000  0.166000  0.161000  0.161000 
0.190000  0.183000  0.188000  0.343000  0.185000  0.183000  0.184000  0.184000  0.183000  0.182000  0.184000  0.183000  0.183000  0.181000  0.182000  0.186000  0.201000  0.203000  0.185000  0.204000  0.196000  0.204000  0.193000  0.188000  0.239000  0.205000  0.187000  0.183000  0.184000  0.183000 
0.219000  0.220000  0.220000  0.218000  0.218000  0.218000  0.219000  0.217000  0.232000  0.248000  0.236000  0.236000  0.228000  0.224000  0.236000  0.296000  0.314000  0.265000  0.257000  0.266000  0.255000  0.250000  0.254000  0.288000  0.284000  0.275000  0.249000  0.225000  0.223000  0.229000 
0.274000  0.281000  0.264000  0.271000  0.268000  0.254000  0.259000  0.256000  0.258000  0.260000  0.258000  0.273000  0.293000  0.260000  0.259000  0.263000  0.262000  0.270000  0.256000  0.261000  0.264000  0.261000  0.255000  0.255000  0.266000  0.258000  0.256000  0.258000  0.259000  0.265000 
0.303000  0.420000  0.325000  0.297000  0.297000  0.305000  0.314000  0.303000  0.297000  0.299000  0.299000  0.299000  0.299000  0.299000  0.298000  0.331000  0.315000  0.302000  0.309000  0.363000  0.297000  0.300000  0.298000  0.299000  0.299000  0.298000  0.300000  0.298000  0.299000  0.315000 
0.347000  0.372000  0.350000  0.368000  0.354000  0.348000  0.345000  0.342000  0.342000  0.340000  0.342000  0.342000  0.357000  0.355000  0.386000  0.358000  0.342000  0.356000  0.479000  0.386000  0.366000  0.377000  0.360000  0.373000  0.355000  0.448000  0.347000  0.369000  0.359000  0.425000 
0.400000  0.487000  0.400000  0.401000  0.413000  0.400000  0.421000  0.415000  0.423000  0.414000  0.406000  0.443000  0.398000  0.411000  0.395000  0.398000  0.393000  0.407000  0.394000  0.400000  0.402000  0.421000  0.407000  0.392000  0.400000  0.409000  0.480000  0.507000  0.430000  0.434000 
